
1.693840

========================
68	592500970359953
64	148041045512384
61	56584360645018
60	2590662971469
54	304491697845
50	26763980053
45	6845449192
42	2746805651
41	327070883
37	33117659
32	12035441
30	4687401
29	349305
24	38178
20	382
11	53
7	13
4	4
2	1
0	0

========================

1.938460

========================
54	919433562265039
52	32776092048570
47	381563904485
40	66590596323
37	23348850418
36	1041582843
31	226574306
29	9679840
24	1755479
21	667568
20	106343
17	29294
15	8789
13	3332
12	517
9	131
7	28
5	1

========================

1.384690

========================
110	712971856214721
105	17918154950708
93	3929122081661
89	123922263205
78	17875027254
72	2830310402
66	695945436
62	115370263
57	1320160
43	122979
36	322
17	69
13	0

========================

1.846930

========================
58	1405880074623419
56	571768019974714
55	120147192629495
52	48463122670656
51	9650568887438
48	3489998665217
47	154425458750
41	70388976894
40	24888345113
39	252526873
31	70572078
29	17230896
27	1593596
23	249718
20	36409
17	2551
12	976
11	123
7	50
6	10
3	4
2	0

========================

1.469380

========================
93	755949475071069
89	6163933406783
76	1126684099583
72	46104040973
63	12262523402
60	1595396610
55	38080287
45	4888121
40	42327
27	9771
23	2788
20	586
16	114
12	13
6	3
2	1

========================
